ARG="4 67 3 87 23"; ./push_swap $ARG | wc -l

ARG="4 67 3 87 23"; ./push_swap $ARG | ./checker_linux $ARG

ARG="-9619 -3485 4021 8859 7067 -1876 -2699 -9872 3611 -7230 -261 4423 9135 1197 4559 -6386 -3645 -2554 4638 -2743 8621 2699 -8197 7686 2221 7889 2754 9728 9976 2454 -8802 2359 -6537 9183 -4092 -6983 -626 1694 2668 3374 8683 1018 -1711 4655 1183 -1982 4961 -9174 -3597 4780 -1526 -9903 6520 -1862 -2436 3848 5952 9694 -7563 -7439 -5252 -6700 -3856 -5490 5858 -1515 2217 -6356 1091 3717 5082 -6684 1035 -7776 2093 7458 -7889 6395 -5849 3276 7279 5572 -4863 -1082 5348 -4184 2177 3173 -1285 -7073 -432 9553 9828 3074 3577 -9697 4322 -5470 1719 -134"; ./push_swap $ARG | wc -l

ARG="-9619 -3485 4021 8859 7067 -1876 -2699 -9872 3611 -7230 -261 4423 9135 1197 4559 -6386 -3645 -2554 4638 -2743 8621 2699 -8197 7686 2221 7889 2754 9728 9976 2454 -8802 2359 -6537 9183 -4092 -6983 -626 1694 2668 3374 8683 1018 -1711 4655 1183 -1982 4961 -9174 -3597 4780 -1526 -9903 6520 -1862 -2436 3848 5952 9694 -7563 -7439 -5252 -6700 -3856 -5490 5858 -1515 2217 -6356 1091 3717 5082 -6684 1035 -7776 2093 7458 -7889 6395 -5849 3276 7279 5572 -4863 -1082 5348 -4184 2177 3173 -1285 -7073 -432 9553 9828 3074 3577 -9697 4322 -5470 1719 -134"; ./push_swap $ARG | ./checker_linux $ARG

ARG="1963 -4963 -2869 8502 -7241 5136 441 -4944 9506 -4787 -4509 -3972 9829 -7301 975 9033 9685 2601 5751 -3429 4459 7136 -6360 -4654 -5520 7274 -6106 -7841 3645 -9084 -2814 3639 -5986 7808 -3347 -3878 -4430 -7660 -5528 -183 1232 -757 7367 7618 3137 -5120 6081 -2766 -2722 887 -5584 5940 -852 1841 2569 89 -1481 3585 4186 8982 3350 5389 -3853 -5292 -4735 -1825 -9405 7442 1291 7083 -3595 -7337 1440 -234 -9700 -3052 4961 -375 -9670 6574 -6581 8890 -6141 5170 4424 791 5669 7797 -2980 2050 2072 1779 -3369 1509 7501 -3611 -5451 2994 -5272 -7421 -6278 189 8020 6335 -9714 5680 9455 -1163 -9612 3706 -4643 -2531 -396 594 6752 2540 9628 8274 -4779 -7456 7910 -6864 9827 2157 6009 23 -1387 10000 4638 -2825 8361 -9055 -8163 2342 1976 -1327 6738 8407 -5772 1155 1950 -5443 -8022 5838 -1741 3416 5661 2776 -4287 -4359 4166 -9825 -8731 -8897 609 8567 3915 228 4969 5947 3587 -9438 5343 -1838 -5240 7197 -3941 -6806 148 -1297 1164 -6039 -68 4672 -8831 -4865 -175 -8687 -6347 -863 2673 -9923 -1871 -8948 -2982 345 -6881 -5696 6515 -9653 269 7429 1195 -3872 -3166 -5091 -9982 -343 -4277 -832 9004 -1855 5706 9234 3106 121 2719 7878 1369 139 -7885 -442 -740 -1691 6882 6617 8062 9641 -4694 -5505 -2378 4757 910 -6731 -3239 -4833 -2507 7311 -3043 -5159 8114 -6040 7711 -2453 -1235 -1532 -768 -2562 -6149 1796 9546 9322 713 98 -9373 3382 -1393 4522 -1624 -1714 -9307 3329 3446 -9133 -1263 6178 1074 -5900 -7066 4400 -8217 -6540 2091 8449 2685 -7125 -7168 -8091 -2363 1364 -2484 -6982 4368 -6151 -8759 8362 -6214 -6958 6448 -3672 -8672 287 -8251 -5338 -7346 8102 -3 -4017 6356 -9509 -4606 -1061 -8635 2500 398 -8258 -6423 -4551 7558 5306 3600 3525 -2270 -5978 3447 4068 3435 -9243 6930 -4060 -1049 -5158 155 7354 -6872 -1112 4840 -1029 6400 5835 -7630 2212 -6072 -6442 -6490 -7318 -6558 7049 -9600 -124 6786 2682 -5117 4839 3272 7674 2608 250 -9970 -3462 6207 7637 1033 -7090 -3274 -7783 -689 -8012 -5421 -2536 -7999 1497 -2338 2771 3066 -2893 8590 -2725 -3376 -1634 -3246 4936 -7750 -5804 346 2640 -6333 -8774 4290 -9768 3205 9983 5444 786 -2654 -7760 9384 2835 2362 -4238 4563 -6309 -8194 -7864 3714 -2431 3179 9456 -5811 -6138 6120 5998 5790 8768 -9267 -4692 -4229 6909 -5714 -241 -8844 -2676 -2597 6961 6342 9139 -439 3015 9255 -6037 7722 -573 -656 -9715 3952 6618 2392 -3974 4339 -1895 -7402 -5090 -8556 9229 502 2910 934 -2107 6099 -5697 -3935 3391 -71 7623 9886 230 -6102 -5945 -3703 -8585 -4568 -3356 2982 -8836 -8992 354 8095 -2941 7198 -366 6812 -6111 -5288 4600 2290 -5802 909 5123 5230 -5896 8889 7509 -2699 5610 986 -8031 1068 -7723 -7907 8465 2527 9332 8730 4631 9912 2744 -4595 2071 -8625 5243 -5836 -2407 -6186 9527 -662 -2692 6327 -6999 2303 4085 -348 8054 5877 -6799 1943 -7791 9694 3660 7527 5478"; ./push_swap $ARG | wc -l

ARG="1963 -4963 -2869 8502 -7241 5136 441 -4944 9506 -4787 -4509 -3972 9829 -7301 975 9033 9685 2601 5751 -3429 4459 7136 -6360 -4654 -5520 7274 -6106 -7841 3645 -9084 -2814 3639 -5986 7808 -3347 -3878 -4430 -7660 -5528 -183 1232 -757 7367 7618 3137 -5120 6081 -2766 -2722 887 -5584 5940 -852 1841 2569 89 -1481 3585 4186 8982 3350 5389 -3853 -5292 -4735 -1825 -9405 7442 1291 7083 -3595 -7337 1440 -234 -9700 -3052 4961 -375 -9670 6574 -6581 8890 -6141 5170 4424 791 5669 7797 -2980 2050 2072 1779 -3369 1509 7501 -3611 -5451 2994 -5272 -7421 -6278 189 8020 6335 -9714 5680 9455 -1163 -9612 3706 -4643 -2531 -396 594 6752 2540 9628 8274 -4779 -7456 7910 -6864 9827 2157 6009 23 -1387 10000 4638 -2825 8361 -9055 -8163 2342 1976 -1327 6738 8407 -5772 1155 1950 -5443 -8022 5838 -1741 3416 5661 2776 -4287 -4359 4166 -9825 -8731 -8897 609 8567 3915 228 4969 5947 3587 -9438 5343 -1838 -5240 7197 -3941 -6806 148 -1297 1164 -6039 -68 4672 -8831 -4865 -175 -8687 -6347 -863 2673 -9923 -1871 -8948 -2982 345 -6881 -5696 6515 -9653 269 7429 1195 -3872 -3166 -5091 -9982 -343 -4277 -832 9004 -1855 5706 9234 3106 121 2719 7878 1369 139 -7885 -442 -740 -1691 6882 6617 8062 9641 -4694 -5505 -2378 4757 910 -6731 -3239 -4833 -2507 7311 -3043 -5159 8114 -6040 7711 -2453 -1235 -1532 -768 -2562 -6149 1796 9546 9322 713 98 -9373 3382 -1393 4522 -1624 -1714 -9307 3329 3446 -9133 -1263 6178 1074 -5900 -7066 4400 -8217 -6540 2091 8449 2685 -7125 -7168 -8091 -2363 1364 -2484 -6982 4368 -6151 -8759 8362 -6214 -6958 6448 -3672 -8672 287 -8251 -5338 -7346 8102 -3 -4017 6356 -9509 -4606 -1061 -8635 2500 398 -8258 -6423 -4551 7558 5306 3600 3525 -2270 -5978 3447 4068 3435 -9243 6930 -4060 -1049 -5158 155 7354 -6872 -1112 4840 -1029 6400 5835 -7630 2212 -6072 -6442 -6490 -7318 -6558 7049 -9600 -124 6786 2682 -5117 4839 3272 7674 2608 250 -9970 -3462 6207 7637 1033 -7090 -3274 -7783 -689 -8012 -5421 -2536 -7999 1497 -2338 2771 3066 -2893 8590 -2725 -3376 -1634 -3246 4936 -7750 -5804 346 2640 -6333 -8774 4290 -9768 3205 9983 5444 786 -2654 -7760 9384 2835 2362 -4238 4563 -6309 -8194 -7864 3714 -2431 3179 9456 -5811 -6138 6120 5998 5790 8768 -9267 -4692 -4229 6909 -5714 -241 -8844 -2676 -2597 6961 6342 9139 -439 3015 9255 -6037 7722 -573 -656 -9715 3952 6618 2392 -3974 4339 -1895 -7402 -5090 -8556 9229 502 2910 934 -2107 6099 -5697 -3935 3391 -71 7623 9886 230 -6102 -5945 -3703 -8585 -4568 -3356 2982 -8836 -8992 354 8095 -2941 7198 -366 6812 -6111 -5288 4600 2290 -5802 909 5123 5230 -5896 8889 7509 -2699 5610 986 -8031 1068 -7723 -7907 8465 2527 9332 8730 4631 9912 2744 -4595 2071 -8625 5243 -5836 -2407 -6186 9527 -662 -2692 6327 -6999 2303 4085 -348 8054 5877 -6799 1943 -7791 9694 3660 7527 5478"; ./push_swap $ARG | ./checker_linux $ARG
